{
  "accessors": [
    {
      "bufferView": 1,
      "componentType": 5126,
      "count": 847,
      "max": [
        2.3671000003814697,
        5.6426601409912109,
        0.10543999820947647
      ],
      "min": [
        -0,
        -0.15000000596046448,
        -1.3850300312042236
      ],
      "type": "VEC3"
    },
    {
      "bufferView": 1,
      "byteOffset": 10164,
      "componentType": 5126,
      "count": 847,
      "max": [
        0.95588970184326172,
        1,
        1
      ],
      "min": [
        -0.95588970184326172,
        -1,
        -1
      ],
      "type": "VEC3"
    },
    {
      "bufferView": 2,
      "componentType": 5126,
      "count": 847,
      "max": [
        1,
        1,
        0.0075341463088989258,
        1
      ],
      "min": [
        -0.0055655692704021931,
        -0.0098693333566188812,
        -1,
        1
      ],
      "type": "VEC4"
    },
    {
      "bufferView": 0,
      "componentType": 5125,
      "count": 4560,
      "max": [
        846
      ],
      "min": [
        0
      ],
      "type": "SCALAR"
    }
  ],
  "asset": {
    "generator": "Sketchfab (OSG glTF plugin)",
    "version": "2.0"
  },
  "bufferViews": [
    {
      "buffer": 0,
      "byteLength": 18240,
      "byteOffset": 0,
      "name": "ScalarBufferView",
      "target": 34963
    },
    {
      "buffer": 0,
      "byteLength": 20328,
      "byteOffset": 18240,
      "byteStride": 12,
      "name": "Vec4BufferView",
      "target": 34962
    },
    {
      "buffer": 0,
      "byteLength": 13552,
      "byteOffset": 38568,
      "byteStride": 16,
      "name": "MatrixBufferView",
      "target": 34962
    }
  ],
  "buffers": [
    {
      "byteLength": 52120,
      "uri": "scene.bin"
    }
  ],
  "extensionsRequired": [
    "KHR_materials_pbrSpecularGlossiness"
  ],
  "extensionsUsed": [
    "KHR_materials_pbrSpecularGlossiness"
  ],
  "materials": [
    {
      "alphaCutoff": 0.5,
      "alphaMode": "BLEND",
      "doubleSided": true,
      "emissiveFactor": [
        0,
        0,
        0
      ],
      "extensions": {
        "KHR_materials_pbrSpecularGlossiness": {
          "diffuseFactor": [
            1,
            1,
            1,
            0.14999999999999999
          ],
          "glossinessFactor": 1,
          "specularFactor": [
            1,
            1,
            1
          ]
        }
      },
      "name": "Material.004"
    }
  ],
  "meshes": [
    {
      "name": "GeodeCUBezierCurve.014",
      "primitives": [
        {
          "attributes": {
            "NORMAL": 1,
            "POSITION": 0,
            "TANGENT": 2
          },
          "indices": 3,
          "material": 0,
          "mode": 4
        }
      ]
    }
  ],
  "nodes": [
    {
      "children": [
        1
      ],
      "name": "RootNode (gltf orientation matrix)",
      "rotation": [
        -0.70710678118654746,
        -0,
        -0,
        0.70710678118654757
      ]
    },
    {
      "children": [
        2
      ],
      "name": "RootNode (model correction matrix)"
    },
    {
      "children": [
        3,
        4,
        5,
        6,
        7,
        8,
        9,
        10,
        11,
        12,
        13,
        14,
        15,
        16,
        17,
        18,
        19,
        20,
        21,
        23,
        24,
        25,
        26,
        27,
        28,
        29,
        30,
        31,
        32,
        33
      ],
      "name": "Root"
    },
    {
      "matrix": [
        0,
        -1,
        0,
        0,
        1,
        0,
        0,
        0,
        0,
        0,
        1,
        0,
        5.3641600608825684,
        1.5469599962234497,
        44.500541687011719,
        1
      ],
      "name": "Cube.001"
    },
    {
      "matrix": [
        1,
        0,
        0,
        0,
        0,
        1,
        0,
        0,
        0,
        0,
        1,
        0,
        5.4701499938964844,
        1.4486099481582642,
        44.291400909423828,
        1
      ],
      "name": "HotCurve"
    },
    {
      "matrix": [
        0,
        -1,
        0,
        0,
        1,
        0,
        0,
        0,
        0,
        0,
        1,
        0,
        5.3641600608825684,
        2.1253199577331543,
        44.494758605957031,
        1
      ],
      "name": "Cube.011"
    },
    {
      "matrix": [
        1,
        0,
        0,
        0,
        0,
        1,
        0,
        0,
        0,
        0,
        1,
        0,
        5.3641600608825684,
        2.1253199577331543,
        44.537750244140625,
        1
      ],
      "name": "BezierCurve.001"
    },
    {
      "matrix": [
        1,
        0,
        0,
        0,
        0,
        1,
        0,
        0,
        0,
        0,
        1,
        0,
        10.064160346984863,
        7.6250200271606445,
        8.1140499114990234,
        1
      ],
      "name": "Cube.015"
    },
    {
      "matrix": [
        0,
        1,
        0,
        0,
        -1,
        0,
        0,
        0,
        0,
        0,
        1,
        0,
        5.6974902153015137,
        7.6026802062988281,
        8.1140499114990234,
        1
      ],
      "name": "Cube.017"
    },
    {
      "matrix": [
        0,
        1,
        0,
        0,
        -0.96152108196057662,
        0,
        0.27473115758020961,
        0,
        0.27473115758020961,
        0,
        0.96152108196057673,
        0,
        5.6974902153015137,
        7.0458102226257324,
        8.21405029296875,
        1
      ],
      "name": "Cube.018"
    },
    {
      "matrix": [
        0,
        1,
        0,
        0,
        -0.96152108196057662,
        0,
        -0.27473115758020961,
        0,
        -0.27473115758020961,
        0,
        0.96152108196057673,
        0,
        5.1636300086975098,
        7.0455398559570312,
        8.2141799926757812,
        1
      ],
      "name": "Cube.002"
    },
    {
      "matrix": [
        0,
        1,
        0,
        0,
        -1,
        0,
        0,
        0,
        0,
        0,
        1,
        0,
        5.1641597747802734,
        7.6026802062988281,
        8.1140499114990234,
        1
      ],
      "name": "Cube.019"
    },
    {
      "matrix": [
        1,
        0,
        0,
        0,
        0,
        1,
        0,
        0,
        0,
        0,
        1,
        0,
        10.064160346984863,
        7.0478401184082031,
        8.21405029296875,
        1
      ],
      "name": "Cube.016"
    },
    {
      "matrix": [
        1,
        0,
        0,
        0,
        0,
        1,
        0,
        0,
        0,
        0,
        1,
        0,
        10.064160346984863,
        7.0478401184082031,
        8.21405029296875,
        1
      ],
      "name": "Cube.003"
    },
    {
      "matrix": [
        0,
        1,
        0,
        0,
        -1,
        0,
        0,
        0,
        0,
        0,
        1,
        0,
        5.1641597747802734,
        7.6026802062988281,
        8.1140499114990234,
        1
      ],
      "name": "Cube.010"
    },
    {
      "matrix": [
        0,
        1,
        0,
        0,
        -0.96152108196057662,
        0,
        -0.27473115758020961,
        0,
        -0.27473115758020961,
        0,
        0.96152108196057673,
        0,
        5.1636300086975098,
        7.0455398559570312,
        8.2141799926757812,
        1
      ],
      "name": "Cube.013"
    },
    {
      "matrix": [
        0,
        1,
        0,
        0,
        -0.96152108196057662,
        0,
        0.27473115758020961,
        0,
        0.27473115758020961,
        0,
        0.96152108196057673,
        0,
        5.6974902153015137,
        7.0458102226257324,
        8.21405029296875,
        1
      ],
      "name": "Cube.014"
    },
    {
      "matrix": [
        0,
        1,
        0,
        0,
        -1,
        0,
        0,
        0,
        0,
        0,
        1,
        0,
        5.6974902153015137,
        7.6026802062988281,
        8.1140499114990234,
        1
      ],
      "name": "Cube.020"
    },
    {
      "matrix": [
        1,
        0,
        0,
        0,
        0,
        1,
        0,
        0,
        0,
        0,
        1,
        0,
        10.064160346984863,
        7.6250200271606445,
        8.1140499114990234,
        1
      ],
      "name": "Cube.021"
    },
    {
      "matrix": [
        0,
        -1,
        0,
        0,
        1,
        0,
        0,
        0,
        0,
        0,
        1,
        0,
        5.3641600608825684,
        2.1253199577331543,
        44.494758605957031,
        1
      ],
      "name": "Cube.022"
    },
    {
      "matrix": [
        0,
        -1,
        0,
        0,
        1,
        0,
        0,
        0,
        0,
        0,
        1,
        0,
        5.3641600608825684,
        1.5469599962234497,
        44.500541687011719,
        1
      ],
      "name": "Cube.023"
    },
    {
      "children": [
        22
      ],
      "name": "Empty"
    },
    {
      "matrix": [
        0.68602255284931957,
        0.72758027524068236,
        7.9243663809180909e-06,
        0,
        -0.32322903070083725,
        0.30475716956770804,
        0.89590516312234536,
        0,
        0.65184051016663558,
        -0.61461370850134145,
        0.44424535858906622,
        0,
        112.09515380859375,
        -99.645523071289062,
        85.006668090820312,
        1
      ],
      "name": "Camera"
    },
    {
      "matrix": [
        1,
        0,
        0,
        0,
        0,
        1,
        0,
        0,
        0,
        0,
        1,
        0,
        10.064160346984863,
        7.0478401184082031,
        8.21405029296875,
        1
      ],
      "name": "Cube.027"
    },
    {
      "matrix": [
        0,
        1,
        0,
        0,
        -1,
        0,
        0,
        0,
        0,
        0,
        1,
        0,
        5.1641597747802734,
        7.6026802062988281,
        8.1140499114990234,
        1
      ],
      "name": "Cube.030"
    },
    {
      "matrix": [
        0,
        1,
        0,
        0,
        -0.96152108196057662,
        0,
        -0.27473115758020961,
        0,
        -0.27473115758020961,
        0,
        0.96152108196057673,
        0,
        5.1636300086975098,
        7.0455398559570312,
        8.2141799926757812,
        1
      ],
      "name": "Cube.031"
    },
    {
      "matrix": [
        0,
        1,
        0,
        0,
        -0.96152108196057662,
        0,
        0.27473115758020961,
        0,
        0.27473115758020961,
        0,
        0.96152108196057673,
        0,
        5.6974902153015137,
        7.0458102226257324,
        8.21405029296875,
        1
      ],
      "name": "Cube.032"
    },
    {
      "matrix": [
        0,
        1,
        0,
        0,
        -1,
        0,
        0,
        0,
        0,
        0,
        1,
        0,
        5.6974902153015137,
        7.6026802062988281,
        8.1140499114990234,
        1
      ],
      "name": "Cube.033"
    },
    {
      "matrix": [
        1,
        0,
        0,
        0,
        0,
        1,
        0,
        0,
        0,
        0,
        1,
        0,
        10.064160346984863,
        7.6250200271606445,
        8.1140499114990234,
        1
      ],
      "name": "Cube.034"
    },
    {
      "matrix": [
        1,
        0,
        0,
        0,
        0,
        1,
        0,
        0,
        0,
        0,
        1,
        0,
        5.3641600608825684,
        2.1253199577331543,
        44.537750244140625,
        1
      ],
      "name": "BezierCurve.016"
    },
    {
      "matrix": [
        0,
        -1,
        0,
        0,
        1,
        0,
        0,
        0,
        0,
        0,
        1,
        0,
        5.3641600608825684,
        2.1253199577331543,
        44.494758605957031,
        1
      ],
      "name": "Cube.035"
    },
    {
      "matrix": [
        1,
        0,
        0,
        0,
        0,
        1,
        0,
        0,
        0,
        0,
        1,
        0,
        5.4701499938964844,
        1.4486099481582642,
        44.291400909423828,
        1
      ],
      "name": "HotCurve.002"
    },
    {
      "matrix": [
        0,
        -1,
        0,
        0,
        1,
        0,
        0,
        0,
        0,
        0,
        1,
        0,
        5.3641600608825684,
        1.5469599962234497,
        44.500541687011719,
        1
      ],
      "name": "Cube.036"
    },
    {
      "children": [
        34
      ],
      "matrix": [
        1,
        0,
        0,
        0,
        0,
        1,
        0,
        0,
        0,
        0,
        1,
        0,
        5.3641600608825684,
        2.1253199577331543,
        44.537750244140625,
        1
      ],
      "name": "BezierCurve.018"
    },
    {
      "mesh": 0,
      "name": "GeodeCUBezierCurve.014"
    }
  ],
  "scene": 0,
  "scenes": [
    {
      "name": "OSG_Scene",
      "nodes": [
        0
      ]
    }
  ]
}

